64 180
0 19
0 29
0 30
0 38
0 45
1 18
1 29
1 48
2 10
2 15
2 19
2 33
2 45
2 49
3 7
3 20
3 39
3 42
3 46
3 56
4 22
4 24
4 39
4 46
5 17
5 39
5 41
5 53
5 61
6 11
6 26
6 28
6 34
6 37
7 12
7 20
7 42
7 60
8 22
8 29
8 48
8 59
9 26
9 32
9 37
9 57
9 60
10 15
10 31
10 33
10 40
10 52
10 56
11 25
11 28
11 34
11 36
11 61
12 20
12 32
12 43
12 53
12 60
13 21
13 25
13 27
13 35
13 36
13 63
14 15
14 40
14 42
14 47
14 57
15 40
15 47
15 49
15 63
16 18
16 23
16 30
16 31
16 33
16 45
16 52
16 62
17 28
17 41
17 54
17 61
18 22
18 23
18 29
18 30
18 48
19 27
19 38
19 45
19 49
19 51
20 39
20 53
21 36
21 47
21 50
21 63
22 23
22 24
22 48
22 59
22 62
23 62
24 46
24 56
24 62
25 36
25 61
26 28
26 32
26 37
26 54
27 35
27 49
27 51
27 63
28 54
28 61
29 30
29 38
29 48
29 59
30 45
31 33
31 52
32 43
32 54
32 60
33 45
34 36
34 37
34 44
35 51
35 59
36 44
36 50
36 58
37 44
37 57
38 51
38 59
39 46
39 53
40 42
40 55
40 56
41 43
41 53
41 54
42 55
42 56
42 57
42 60
43 53
43 54
44 57
44 58
46 56
47 50
47 57
47 58
47 63
49 63
50 58
51 59
52 56
52 62
55 56
56 62
57 58
57 60
