64 176
0 1
0 9
0 19
0 36
0 44
1 3
1 17
1 19
1 26
1 44
1 61
2 7
2 16
2 23
2 30
2 46
2 57
3 6
3 26
3 30
3 61
4 14
4 24
4 27
4 31
4 41
4 55
5 8
5 21
5 32
5 49
5 51
6 11
6 27
6 30
6 33
6 61
7 16
7 20
7 23
7 39
7 59
8 9
8 21
8 36
9 10
9 18
9 19
9 21
9 36
9 53
10 18
10 19
11 25
11 27
11 33
11 41
11 45
12 31
12 41
12 42
12 45
13 33
13 35
13 37
13 40
13 62
14 24
14 47
14 55
14 56
15 16
15 28
15 34
15 52
16 28
16 29
16 39
16 46
16 52
16 63
17 19
17 23
17 26
17 50
17 59
18 19
18 32
18 48
18 53
19 48
19 50
20 28
20 39
20 48
20 50
20 51
20 54
20 59
21 49
21 53
22 43
22 46
22 56
22 57
22 58
23 26
23 30
23 59
24 27
24 56
24 57
25 33
25 35
25 40
25 45
26 30
27 30
27 41
27 57
28 34
28 39
28 54
28 60
29 34
29 38
29 52
29 63
30 57
31 41
31 42
31 47
31 55
32 48
32 49
32 51
32 53
33 35
33 37
33 61
34 38
34 52
34 60
35 40
36 37
36 44
36 62
37 44
37 61
37 62
38 43
38 51
38 58
38 60
38 63
40 42
40 45
41 45
42 45
43 56
43 58
44 61
46 57
46 58
46 63
47 55
47 56
48 50
48 51
49 53
50 59
51 54
51 60
54 60
56 57
58 63
