64 180
0 4
0 26
0 27
0 28
1 3
1 25
1 32
1 52
2 14
2 22
2 34
2 49
3 24
3 25
3 32
3 45
4 11
4 17
4 19
4 20
4 26
4 27
4 33
4 35
4 55
4 59
5 29
5 32
5 45
5 47
5 51
5 53
5 56
6 15
6 16
6 32
6 41
6 42
6 46
6 52
6 60
7 24
7 34
7 39
7 44
7 62
8 29
8 51
8 57
8 61
9 16
9 19
9 31
9 41
9 59
10 11
10 13
10 20
10 37
10 48
11 20
11 22
11 27
11 37
12 33
12 41
12 42
12 63
13 29
13 30
13 37
13 48
13 50
14 34
14 38
14 40
14 44
14 49
15 16
15 54
15 60
15 61
16 31
16 41
16 54
16 58
17 26
17 33
17 38
17 40
18 23
18 31
18 35
18 48
18 50
18 54
18 55
18 58
19 31
19 35
19 59
20 48
20 55
21 29
21 30
21 57
22 26
22 27
22 28
22 37
22 49
23 30
23 50
23 54
23 57
24 25
24 34
24 45
24 52
24 62
25 52
26 28
26 38
26 49
27 28
29 30
29 51
29 57
30 50
30 57
31 35
31 58
32 45
32 46
32 47
32 52
33 40
33 41
33 59
33 63
34 44
35 55
36 39
36 40
36 44
36 62
36 63
38 40
38 49
39 44
39 62
40 44
40 63
41 42
41 59
42 52
42 62
42 63
43 51
43 53
43 60
43 61
46 47
46 53
46 56
46 60
47 56
48 50
48 55
51 53
51 61
52 62
53 56
53 60
54 57
54 58
54 61
57 61
60 61
62 63
