64 178
0 1
0 25
0 32
0 54
1 2
1 25
1 28
1 30
1 32
1 57
2 16
2 28
2 29
2 32
3 13
3 14
3 40
3 52
3 58
3 61
3 62
4 5
4 9
4 17
4 20
4 60
5 9
5 20
5 37
5 53
6 36
6 41
6 43
6 52
6 62
7 9
7 17
7 21
7 43
7 44
8 22
8 23
8 24
8 56
8 59
9 17
9 37
9 44
10 28
10 30
10 45
10 63
11 15
11 22
11 25
11 27
11 35
11 54
11 59
12 13
12 36
12 52
12 53
13 52
13 53
13 61
14 41
14 55
14 58
14 62
15 32
15 35
15 51
15 54
16 21
16 29
16 31
16 32
16 35
17 43
17 60
18 28
18 29
18 31
18 48
19 38
19 40
19 42
19 58
19 61
20 53
20 60
21 31
21 35
21 43
21 44
22 27
22 50
22 56
22 59
23 24
23 26
23 46
23 55
23 59
24 33
24 55
24 56
24 58
25 27
25 39
25 47
25 49
25 54
25 57
26 34
26 35
26 43
26 46
26 55
26 59
27 39
27 47
27 50
28 29
28 30
28 45
28 48
29 31
30 57
30 63
31 44
31 48
32 35
32 51
32 54
33 38
33 56
33 58
34 41
34 43
34 55
35 43
35 51
35 59
36 43
36 52
36 53
36 60
37 44
37 57
37 63
38 50
38 56
38 58
39 47
39 49
39 50
40 42
40 58
40 61
41 43
41 55
41 62
42 61
43 60
44 45
44 48
44 63
45 48
45 63
46 59
47 49
50 56
52 62
53 60
55 58
57 63
