64 181
0 18
0 35
0 40
0 46
0 54
0 57
1 6
1 7
1 44
1 59
2 18
2 26
2 33
2 34
2 51
2 57
3 10
3 11
3 13
3 21
3 55
3 62
4 7
4 23
4 29
4 31
4 36
4 42
5 11
5 15
5 17
5 22
5 32
6 7
6 36
6 44
6 50
6 60
7 18
7 23
7 36
8 14
8 21
8 28
8 36
8 37
9 16
9 20
9 28
9 52
9 55
9 58
9 61
10 11
10 15
10 17
10 59
10 62
11 15
11 22
11 55
11 58
12 22
12 25
12 27
12 30
13 21
13 28
13 55
14 21
14 36
14 62
15 17
16 20
16 28
16 37
16 43
17 32
17 49
17 59
18 23
18 34
18 35
18 45
18 53
18 57
19 24
19 35
19 40
19 48
19 53
19 63
20 38
20 39
20 41
20 43
20 51
20 52
21 28
21 62
22 27
22 30
22 32
22 58
23 29
23 45
24 25
24 48
24 49
24 53
25 27
25 30
25 48
25 49
26 41
26 51
26 57
27 48
27 58
27 61
28 37
28 55
29 31
29 38
29 43
29 45
30 32
30 49
31 42
31 43
32 49
33 34
33 38
33 45
33 51
34 45
35 40
35 53
36 37
36 42
36 50
36 62
37 42
37 43
38 43
38 45
38 51
39 41
39 46
39 47
39 52
40 54
40 56
40 63
41 46
41 51
41 57
42 43
44 59
44 60
46 47
46 54
46 57
47 52
47 54
47 56
48 52
48 56
48 61
48 63
50 59
50 60
50 62
52 56
52 61
54 56
55 58
56 63
58 61
59 60
59 62
